[96, 90]
[77, 81]
[78, 86]
[93, 84]
[67, 79]
[92, 85]
[81, 81]
[96, 82]
[91, 79]
[69, 70]
[79, 75]
[84, 87]
[90, 95]
[90, 95]
[103, 96]
[101, 82]
[95, 101]
[95, 101]
[88, 99]
[112, 111]
[99, 95]
[99, 95]
[106, 110]
[108, 114]
[101, 116]
[101, 116]
[88, 94]
[101, 91]
[100, 100]
[100, 100]
[93, 77]
[74, 61]
[51, 43]
[65, 66]
[65, 66]
[52, 49]
[65, 63]
[61, 68]
[61, 68]
[62, 61]
[55, 54]
[54, 50]
[49, 50]
[49, 50]
[43, 39]
[44, 48]
[59, 52]
[59, 52]
[40, 53]
[46, 44]
[50, 58]
[58, 57]
[53, 56]
[62, 52]
[48, 53]
[62, 58]
[54, 55]
[45, 42]
[51, 57]
[46, 53]
[46, 53]
[56, 59]
[52, 62]
[51, 46]
[57, 74]
[52, 69]
[49, 49]
[42, 44]
[52, 62]
[50, 54]
[49, 54]
[48, 64]
[46, 56]
[51, 55]
[47, 53]
[51, 48]
[37, 48]
[39, 46]
[38, 43]
[51, 64]
[49, 63]
[49, 52]
[38, 35]
[41, 36]
[41, 43]
[41, 43]
[37, 42]
[50, 51]
[50, 44]
[50, 44]
[44, 51]
[45, 47]
[50, 57]
[48, 54]
[48, 54]
[59, 42]
[53, 58]
[45, 51]
[45, 51]
[40, 42]
[49, 47]
[47, 39]
[47, 39]
[51, 58]
[52, 52]
[50, 57]
[48, 54]
[48, 54]
[48, 58]
[53, 54]
[48, 58]
[45, 49]
[50, 52]
[51, 53]
[44, 36]
[44, 36]
[45, 43]
[41, 48]
[45, 55]
[45, 55]
[56, 54]
[48, 52]
[54, 48]
[48, 47]
[42, 33]
[45, 51]
[40, 38]
[51, 52]
[44, 47]
[46, 50]
[45, 50]
[45, 50]